6005066698
8507910017
8802569597
8629894875
9458920700
9817960185
9711298915
9711881581
9911085310
7000273190
9991163053
7070573916
8930705835
7037300848
7078317115
9027999623
7895643022
8930705835
8700613477
8476079293
8650809614
7070573916
8535050020
8535050020
9193136874
7840802102
9135578125
9557469996
9891466004
9711881581
7652092970
8218008585
9354200916
9458050260
9050376240
8305052056
8630315008
7549202949
8630315008
9627630331
8630315008
6387781435
9818639097
9910365505
8957758353
8527069179
9818044483
7088081798
7300876084
7050444160
8958472369
9718909429
7803022237
7668699151
9690808009
8869054472
7060503881
9599257319
9557660419
9711650803
9504417605
9871964404
9971718932
9528985255
9058431104
9728751174
7289022904
7668987364
9810760660
8630531913
9079054364
9045092068
9045092068
8439492220
7903791205
9639029703
7903791205
9939785405
7827416828
7800181159
7519621831
9548315446
8869054472
9711298915
8527941510
9934109892
9369273221
7011218444
9711270497
6392301488
8684883577
9625006177
9354983809
7534944787
8439270252
7903791205
9548315446
7409801512
7903027099
9458050260
9458050260
8076698892
9304439016
8210329084
9717816711
9650803541
9905219413
9315965919
8630531913
8873318838
7500492179
7897052084
7303542383
7404234155
7404234155
9188592317
8755068008
8630315008
8699997796
8439492220
9369273221
7417571572
9557054400
9811411058
9650508328
9458920700
9555159003
8586098205
9458920700
8383065188
7050659925
8757930179
7303542383
7303902067
7488620339
9027779700
9027779700
8052409182
7488620339
9576142771
9576142771
6386653168
7464068870
7464068870
7458882483
8826178740
8076899409
8076899409
7464068870
7210673579
7354696218
9068523535
6201318269
9621394801
9068523535
8057253857
7017685390
8057253857
8052409182
9518475203
9627630331
9149327194
7060503881
8650003783
9897999659
7318360234
9368401495
9654660569
8009536710
7903303220
9045734200
7042083255
7368055121
9415889987
7985064121
8957435573
7759063980
9958864071
9560275503
8006118911
8006118911
9821422876
8826704344
8006118911
9024641629
9721148160
7572034247
8429939059
9643629360
8933953514
8707832987
9540011933
8340692052
8700762750
7428753462
7505694402
7087171704
7053151914
8193024599
8193024599
8858700851
7060748176
7088081926
7088081926
7518711202
8273219885
6393860619
7773000027
9871301136
9653073870
8839653561
9818749080
9717816711
9650803541
7063088519
7897052084
9639180098
6394532784
8269015498
8318392411
7073059101
8318143514
8896103320
8577997669
9807188600
9399870573
8830510806
7217749329
7217749329
7310746973
8287501801
8267828642
9918355888
7905030647
7011878199
8006118911
7518711202
8006384567
8851728639
8839655361
7318360234
9318381825
8707832987
8193024599
8447474945
9721148160
7456022375
9897999659
9399870573
7428753462
7368055121
9988776655
9415889987
7985064121
8700762750
7505557580
7572034247
8429939059
8650003783
9560914893
8507910017
8305052056
8957758353
9458920700
8930705835
7078317115
8930705835
8700613477
8650809614
9193136874
9135578125
9891466004
9711881581
7300876084
9718909429
7668699151
9690808009
9528985255
8630531913
9079054364
9639029703
9369273221
9625006177
9045092068
9045092068
8439492220
9354983809
7903791205
9304439016
8210329084
8630531913
7404234155
8699997796
8439492220
9369273221
7417571572
9557054400
9650508328
9458920700
9555159003
8586098205
9458920700
8383065188
9576142771
9576142771
7458882483
7354696218
9068523535
9621394801
9068523535
8057253857
7017685390
8057253857
9368401495
7368055121
8006118911
9024641629
9721148160
9643629360
7428753462
8193024599
8193024599
7518711202
8839653561
9818749080
6394532784
9807188600
9399870573
7518711202
8839655361
8193024599
9721148160
9399870573
7428753462
7368055121
7505557580
9560914893
